start	end	log(Pc/Po)
346	444	0.335882067215
349	447	2.41738332939
355	453	0.80426744771
358	456	0.641555036159
364	462	0.361327592768
367	465	0.0142701541593
376	474	0.119401501783
379	477	0.568862083438
382	480	1.32148007745
385	483	1.5238695474
406	504	0.859121401236
409	507	2.1847073714
410	508	1.89546050938
412	510	1.91692096631
413	511	1.6481817007
415	513	2.48655809112
416	514	1.59281417393
418	516	1.90639291683
419	517	2.22088205118
421	519	2.39364411992
422	520	2.08052736843
424	522	2.25636777789
425	523	1.8194824984
427	525	2.35872351741
430	528	1.8245026839
437	535	0.791557513983
446	544	2.37163352204
449	547	2.37163352204
452	550	1.1442337819
464	562	0.391452277082
467	565	1.26710563715
470	568	0.360797138797
473	571	2.3406004997
476	574	2.30684665514
479	577	1.18976332994
482	580	1.53757449792
485	583	1.0640243081
488	586	1.0640243081
491	589	1.1392377408
494	592	1.1392377408
497	595	2.72735621433
500	598	3.36212922751
503	601	3.36212922751
506	604	3.84389743485
509	607	3.47456018778
512	610	3.82124270495
515	613	4.01155353162
518	616	2.37839884241
521	619	1.90748592033
524	622	2.16853079035
527	625	5.3227137474
530	628	6.16803499083
533	631	6.26269280109
536	634	4.17778786443
539	637	5.24226801924
542	640	4.4181696668
545	643	3.3010863416
548	646	2.15136859722
551	649	3.58998491559
554	652	4.45544807199
557	655	5.56380511368
560	658	6.35014486274
563	661	7.68289594154
566	664	7.77048480937
569	667	8.97386753064
572	670	9.10598988896
575	673	10.4420703553
578	676	11.1481719667
581	679	11.509590078
584	682	11.6580962064
587	685	10.8840451657
590	688	10.8016760638
593	691	11.4803586599
596	694	11.5107831169
599	697	10.9915090261
602	700	10.11380148
605	703	10.6152610854
608	706	11.1167206907
611	709	11.4617201124
614	712	11.1905593925
617	715	12.2453336787
620	718	12.4422480674
623	721	12.1104167038
626	724	11.4389195283
629	727	11.7835440285
630	728	0.149866948664
632	730	11.7011749266
635	733	14.5724196123
638	736	13.6356866569
641	739	15.0386729727
644	742	15.2907109799
645	743	0.0623654599389
647	745	15.8194567322
650	748	15.7890322752
653	751	17.0741136355
656	754	16.4628393695
659	757	15.6211320936
662	760	14.8347923446
665	763	14.5851526757
666	764	0.105338752087
668	766	14.3185029098
669	767	1.14031051825
671	769	13.9570847984
674	772	14.2541590213
677	775	14.8216009189
680	778	13.8383731062
681	779	1.40545362527
683	781	13.8626952392
684	782	1.42616622774
686	784	14.0372229748
687	785	1.18906163608
689	787	14.6791516572
690	788	1.06235875832
692	790	14.430882355
693	791	1.63132977114
695	793	13.8620077583
698	796	14.0119446021
701	799	14.6230023824
704	802	14.8896521482
707	805	15.1563019141
710	808	14.4470726347
713	811	14.4470726347
716	814	13.5786610705
719	817	13.5786610705
722	820	14.0746376801
725	823	14.2838144521
728	826	14.2533899951
731	829	13.5923342175
734	832	13.1479310873
737	835	13.6352034611
740	838	14.2158367843
743	841	14.5991138949
746	844	15.220085887
749	847	14.5991138949
752	850	13.3492363164
755	853	13.3492363164
758	856	13.539547143
761	859	13.7570122955
764	862	13.676388137
767	865	13.6459636799
770	868	13.2210420422
773	871	12.0318351073
776	874	11.3123543741
779	877	11.5215311462
782	880	11.5215311462
785	883	12.1210544512
788	886	11.7517172042
791	889	12.0570429817
794	892	12.6259175783
797	895	11.7608722603
800	898	11.7304478033
803	901	11.0143374558
806	904	9.68229146669
809	907	9.0250158227
810	908	0.705617951672
812	910	9.50316986161
813	911	0.705617951672
815	913	9.84160478722
816	914	0.412011069827
818	916	10.3804294698
821	919	10.2162842237
824	922	9.62383034106
827	925	8.21563847974
830	928	8.66751748535
833	931	7.83567182686
836	934	7.94013298689
839	937	7.94013298689
842	940	8.89293634255
845	943	8.2316788608
848	946	8.52165719858
851	949	9.29366843306
854	952	8.70155997785
857	955	8.51124915118
860	958	8.48060044272
863	961	9.14185792447
866	964	7.75812724191
869	967	7.35452124735
872	970	7.52734950875
875	973	8.38061308533
878	976	8.38776875451
881	979	9.404147428
884	982	9.05914800637
887	985	8.22785653296
890	988	7.83055238725
893	991	5.13494044763
896	994	5.06633855266
899	997	4.6477560305
902	1000	3.82096782355
905	1003	4.67514746853
908	1006	4.25077182401
911	1009	3.32867003078
914	1012	2.37949673873
917	1015	1.91145854967
920	1018	2.53243054178
923	1021	2.48478032553
926	1024	3.31233886362
929	1027	3.95094217615
932	1030	3.1191379456
935	1033	1.35608434807
938	1036	1.17529222689
941	1039	0.756709704735
944	1042	0.535950324348
1023	1121	0.120296305873
1026	1124	0.158086927311
1029	1127	0.869427518116
1032	1130	0.295399053762
1035	1133	1.60727663832
1038	1136	0.965347955963
1041	1139	0.0478500118148
1120	1218	1.8330984471
1123	1221	3.00723824755
1126	1224	3.84276261003
1129	1227	4.92110355601
1132	1230	5.75290778655
1135	1233	5.66486531628
1138	1236	3.88169469584
1141	1239	4.61282991807
1144	1242	5.66084976119
1147	1245	5.9206184589
1150	1248	5.71618772319
1153	1251	5.77735419788
1156	1254	6.60588183012
1159	1257	6.38954938891
1162	1260	5.97630255898
1165	1263	5.4251588869
1168	1266	6.41476822606
1171	1269	5.82558658294
1174	1272	5.91317545077
1177	1275	3.8316741886
1180	1278	4.15416642998
1183	1281	4.03866750763
1186	1284	3.20125837145
1189	1287	3.88261300109
1192	1290	3.71524093465
1195	1293	4.04028499612
1198	1296	3.634807736
1201	1299	4.44202275225
1204	1302	4.80662753142
1207	1305	4.22250333982
1210	1308	5.15375270681
1213	1311	5.21141879895
1216	1314	3.92199783646
1219	1317	2.9495795379
1222	1320	2.79445936296
1225	1323	1.59107664169
1228	1326	2.8913111808
1231	1329	3.45833069005
1234	1332	3.1408959002
1237	1335	5.4915084182
1240	1338	5.49105481575
1243	1341	4.70062000504
1246	1344	3.73592544708
1249	1347	2.31955436672
1258	1356	0.122174710872
1264	1362	1.05070659512
1267	1365	0.658006298502
1279	1377	0.00843999395635
1282	1380	0.164277585187
1285	1383	0.505710111751
