+	2	100	-3.37337185812
+	5	103	-3.55741626992
+	8	106	-4.03428041286
+	11	109	-4.56788688157
+	14	112	-4.16566198466
+	17	115	-3.44399301143
+	20	118	-3.32556908958
+	23	121	-3.60106154334
+	26	124	-3.61228606131
+	29	127	-3.87065290332
+	32	130	-2.37582792172
+	35	133	-1.92716031313
+	38	136	-1.71032281956
+	41	139	-2.86978823268
+	44	142	-3.21717909905
+	47	145	-4.57128887608
+	50	148	-4.1150524483
+	53	151	-4.79141221185
+	56	154	-4.70469269464
+	59	157	-4.41291309866
+	62	160	-2.90990783097
+	65	163	-3.44671462374
+	68	166	-2.74070690493
+	71	169	-3.35942956056
+	74	172	-4.23214203826
+	77	175	-3.74517718341
+	80	178	-3.57771436366
+	83	181	-3.75774293278
+	86	184	-4.47878162879
+	89	187	-3.04644513883
+	92	190	-4.0818544838
+	95	193	-4.07062996583
+	98	196	-4.24156117995
+	101	199	-3.79869252399
+	104	202	-3.59277265599
+	107	205	-3.11590851306
+	110	208	-3.20584841921
+	113	211	-4.16801760964
+	116	214	-4.69707607839
+	119	217	-5.80600893868
+	122	220	-6.78483291741
+	125	223	-8.28313910812
+	128	226	-7.37667020787
+	131	229	-8.17592827511
+	134	232	-7.73932072709
+	137	235	-9.03344456246
+	140	238	-7.69404547816
+	143	241	-7.34665461178
+	146	244	-6.42517481691
+	149	247	-6.77466921328
+	152	250	-6.59943797145
+	155	253	-7.026068151
+	158	256	-6.81533795263
+	161	259	-7.75302980156
+	164	262	-7.30232838424
+	167	265	-7.30232838424
+	170	268	-8.05744672802
+	173	271	-7.27086819007
+	176	274	-7.12603931497
+	179	277	-7.22264800877
+	182	280	-8.1534852951
+	185	283	-7.15963732217
+	188	286	-7.3253967688
+	191	289	-6.10346206472
+	194	292	-6.41355130034
+	197	295	-4.94770981896
+	200	298	-4.4629707229
+	203	301	-4.80093246761
+	206	304	-4.61077760982
+	209	307	-4.53297476727
+	212	310	-3.91870985343
+	215	313	-3.57260963714
+	218	316	-2.53347869731
+	221	319	-1.23856843005
+	224	322	0.0882376207438
+	227	325	-0.167491165426
+	230	328	-0.262938737297
+	233	331	-0.730534660017
+	236	334	-0.447416233102
+	239	337	-1.88166633677
+	242	340	-3.45620848242
+	245	343	-3.75571317888
+	248	346	-3.72025735587
+	251	349	-3.22046867489
+	254	352	-3.01904220173
+	257	355	-4.3384180526
+	260	358	-4.01810901856
+	263	361	-3.31448953519
+	266	364	-3.98452818619
+	269	367	-3.48034563519
+	272	370	-4.39742828215
+	275	373	-4.54225715725
+	278	376	-3.82661615513
+	281	379	-2.6963557908
+	284	382	-2.40439290666
+	287	385	-3.67749539097
+	290	388	-4.06344382809
+	293	391	-3.55629391707
+	296	394	-3.48977612163
+	299	397	-3.20848889837
+	302	400	-2.73480646945
+	305	403	-3.17141401747
+	308	406	-2.877142957
+	311	409	-4.29936602233
+	314	412	-4.00427513444
+	317	415	-3.33591629297
+	320	418	-4.7695067334
+	323	421	-5.33477181501
+	326	424	-5.33477181501
+	329	427	-5.12909759447
+	332	430	-5.36396417943
+	335	433	-4.75518366788
+	338	436	-4.09501922976
+	341	439	-3.30844069181
+	344	442	-3.23758656585
+	347	445	-2.47049071638
+	350	448	-2.77343673618
+	353	451	-2.48920252454
+	356	454	-1.5655944366
+	359	457	-0.946871780971
+	362	460	-1.5643858889
+	365	463	-0.33723460963
+	368	466	0.086190591399
+	371	469	1.28624983929
+	374	472	-0.0961087949338
+	377	475	-1.59911406262
+	380	478	-1.75055044823
+	383	481	-1.54208526594
+	386	484	-0.248052210101
+	389	487	0.241585629302
+	392	490	-0.657937553768
+	395	493	-0.908499761014
+	398	496	-1.36227639252
+	401	499	-1.9193890208
+	404	502	-2.1498004735
+	407	505	-1.64481346673
+	410	508	-0.461948586284
+	413	511	-0.508419073513
+	416	514	-0.5641193637
+	419	517	0.505398095795
+	422	520	1.01695961092
+	425	523	0.61140784442
+	428	526	0.230079668348
+	431	529	-0.0282871736667
+	434	532	0.373937723236
+	437	535	1.31296941291
+	440	538	1.30167495337
+	443	541	1.05648660579
+	446	544	0.220825245702
+	449	547	0.220825245702
+	452	550	-0.377447539282
+	455	553	-0.721157421261
+	458	556	-0.776857711449
+	461	559	-0.374632814546
+	464	562	-1.73228820283
+	467	565	-1.50289244902
+	470	568	-2.90609636977
+	473	571	-1.89416270345
+	476	574	-0.829012133279
+	479	577	-0.827362639848
+	482	580	-2.32747087571
+	485	583	-2.69705323954
+	488	586	-2.69705323954
+	491	589	-2.09253476705
+	494	592	-2.09253476705
+	497	595	-1.77809797196
+	500	598	-1.66155808501
+	503	601	-1.66155808501
+	506	604	-2.4826313803
+	509	607	-2.51574106789
+	512	610	-3.79029819138
+	515	613	-4.04602697755
+	518	616	-3.81686267435
+	521	619	-4.06742488159
+	524	622	-3.6618731151
+	527	625	-3.2933431884
+	530	628	-3.02517849084
+	533	631	-3.12446236677
+	536	634	-3.47236664335
+	539	637	-3.05253072441
+	542	640	-2.52830892273
+	545	643	-2.5266594293
+	548	646	-2.71070384111
+	551	649	-2.33761820472
+	554	652	-2.41765126973
+	557	655	-3.03030982101
+	560	658	-3.20903082307
+	563	661	-1.88340671671
+	566	664	-3.4044455241
+	569	667	-2.36531458427
+	572	670	-1.95677312486
+	575	673	-1.82186444714
+	578	676	-1.92012263437
+	581	679	-0.360967335468
+	584	682	0.0339578233995
+	587	685	0.0211841269279
+	590	688	-0.0710266956846
+	593	691	-0.2030685724
+	596	694	-0.077503713925
+	599	697	0.198329671185
+	602	700	0.79467989418
+	605	703	1.23633104118
+	608	706	1.67798218818
+	611	709	2.87310218552
+	614	712	2.59811140448
+	617	715	2.53617742102
+	620	718	3.2252088396
+	623	721	3.73733906219
+	626	724	4.43916873014
+	629	727	4.95445222095
+	632	730	4.86224139834
+	635	733	5.03142467286
+	638	736	3.50265589363
+	641	739	3.86859466392
+	644	742	4.04812278129
+	647	745	4.22502397727
+	650	748	4.0994591188
+	653	751	4.44210568579
+	656	754	4.41646003437
+	659	757	4.53948074625
+	662	760	4.71820174831
+	665	763	6.3840694308
+	668	766	6.87370727021
+	671	769	5.31455197131
+	674	772	4.95047899038
+	677	775	4.29361883382
+	680	778	4.67304098212
+	683	781	4.1881759171
+	686	784	4.19560611702
+	689	787	3.79983835409
+	692	790	3.7438507396
+	695	793	3.17324216144
+	698	796	2.86429908874
+	701	799	2.75758670514
+	704	802	2.26794886574
+	707	805	1.77831102634
+	710	808	1.7192639633
+	713	811	1.7192639633
+	716	814	1.73206221268
+	719	817	1.73206221268
+	722	820	0.978844072755
+	725	823	0.586648227988
+	728	826	0.461083369512
+	731	829	0.370167663701
+	734	832	0.49607527707
+	737	835	1.27445096178
+	740	838	1.04217371972
+	743	841	1.68206940421
+	746	844	1.68921262003
+	749	847	1.68206940421
+	752	850	2.55112939191
+	755	853	2.55112939191
+	758	856	2.29540060574
+	761	859	1.54607102551
+	764	862	1.51879576806
+	767	865	1.39323090959
+	770	868	3.13110721055
+	773	871	3.21304619461
+	776	874	3.98833027302
+	779	877	3.59613442825
+	782	880	3.59613442825
+	785	883	3.6014779248
+	788	886	3.56836823721
+	791	889	4.19191461207
+	794	892	4.76252319023
+	797	895	4.94370080103
+	800	898	4.81813594255
+	803	901	4.55738068744
+	806	904	4.823514632
+	809	907	4.62208815884
+	812	910	5.15569462755
+	815	913	5.58832460971
+	818	916	5.33481007478
+	821	919	5.57589799211
+	824	922	5.32819815239
+	827	925	5.08067737448
+	830	928	5.56378892506
+	833	931	4.20679224653
+	836	934	3.7620653437
+	839	937	3.7620653437
+	842	940	3.25707833693
+	845	943	3.46208032154
+	848	946	2.03563309694
+	851	949	1.88139809724
+	854	952	0.867912808825
+	857	955	1.123641595
+	860	958	1.6889066766
+	863	961	1.48390469199
+	866	964	1.00035558371
+	869	967	0.0381863932831
+	872	970	-0.0517535128657
+	875	973	0.593269554675
+	878	976	0.0809619047943
+	881	979	0.0889628268797
+	884	982	-1.10615717047
+	887	985	-1.99013012984
+	890	988	-1.99301703133
+	893	991	-1.81563587
+	896	994	-1.65885173609
+	899	997	-1.57140336913
+	902	1000	-2.05209933976
+	905	1003	-1.60340829633
+	908	1006	-1.17677811677
+	911	1009	-1.56315926634
+	914	1012	-1.52002333486
+	917	1015	-2.18419078902
+	920	1018	-2.1770475732
+	923	1021	-2.52568800376
+	926	1024	-2.04588998378
+	929	1027	-2.94059562289
+	932	1030	-1.67747527581
+	935	1033	-0.450323996535
+	938	1036	-0.0995719894622
+	941	1039	-0.012123622495
+	944	1042	-0.629820589428
+	947	1045	-0.623988392923
+	950	1048	-1.45828950827
+	953	1051	0.0651357744116
+	956	1054	-0.596144778256
+	959	1057	-0.759984556229
+	962	1060	-0.511398985878
+	965	1063	0.0595984893648
+	968	1066	0.783999614696
+	971	1069	-0.0439857301807
+	974	1072	-0.328219941814
+	977	1075	-1.12876270183
+	980	1078	-1.39943555003
+	983	1081	-0.0269343913541
+	986	1084	1.17312485654
+	989	1087	0.608452997662
+	992	1090	0.556979449706
+	995	1093	-0.454733981316
+	998	1096	-0.19143034121
+	1001	1099	1.2058153673
+	1004	1102	0.814469525461
+	1007	1105	-0.183971524285
+	1010	1108	-0.494106566249
+	1013	1111	-0.698379701114
+	1016	1114	-0.292827934616
+	1019	1117	-0.144396425242
+	1022	1120	0.642098702835
+	1025	1123	0.267874073917
+	1028	1126	1.15759940145
+	1031	1129	0.705732200583
+	1034	1132	0.696567569559
+	1037	1135	0.212154034267
+	1040	1138	-0.169565393168
+	1043	1141	-0.156386898728
+	1046	1144	0.858676362872
+	1049	1147	-0.0913649692747
+	1052	1150	-0.838272814108
+	1055	1153	-1.49513297067
+	1058	1156	-1.42963909843
+	1061	1159	-1.65634921258
+	1064	1162	-1.78439141432
+	1067	1165	-2.13304320662
+	1070	1168	-1.32270259107
+	1073	1171	-0.884233379742
+	1076	1174	-0.0968691141691
+	1079	1177	0.604394510401
+	1082	1180	-0.182100617676
+	1085	1183	-1.38868530655
+	1088	1186	-1.32011979594
+	1091	1189	-2.13696485566
+	1094	1192	-2.3537115697
+	1097	1195	-3.11715855909
+	1100	1198	-2.88930498936
+	1103	1201	-2.34870445939
+	1106	1204	-2.93689517873
+	1109	1207	-2.93689517873
+	1112	1210	-2.72005768516
+	1115	1213	-2.75350830411
+	1118	1216	-3.6086593614
+	1121	1219	-5.11166462909
+	1124	1222	-5.21794837539
+	1127	1225	-5.42623356875
+	1130	1228	-6.56555294871
+	1133	1231	-6.41103843828
+	1136	1234	-6.44202681298
+	1139	1237	-6.08123795707
+	1142	1240	-6.09441645151
+	1145	1243	-6.09441645151
+	1148	1246	-5.10586973077
+	1151	1249	-4.86890188021
+	1154	1252	-3.8399405761
+	1157	1255	-3.95975506866
+	1160	1258	-4.63951385474
+	1163	1261	-4.99843650785
+	1166	1264	-4.8809524139
+	1169	1267	-4.89075026944
+	1172	1270	-6.69064754347
+	1175	1273	-5.75837748958
+	1178	1276	-7.2907367664
+	1181	1279	-6.30220065136
+	1184	1282	-5.57916507076
+	1187	1285	-5.95647252889
+	1190	1288	-5.27830877901
+	1193	1291	-4.04984863395
+	1196	1294	-3.54970528466
+	1199	1297	-4.60673746126
+	1202	1300	-6.17629929533
+	1205	1303	-5.16352302494
+	1208	1306	-6.01338957251
+	1211	1309	-6.35826926782
+	1214	1312	-6.60065203398
+	1217	1315	-6.09077514724
+	1220	1318	-5.42817300439
+	1223	1321	-6.38652656011
+	1226	1324	-6.9603820588
+	1229	1327	-5.00721654681
+	1232	1330	-5.59313916754
+	1235	1333	-5.46908309939
+	1238	1336	-5.5761947296
+	1241	1339	-5.4110205252
+	1244	1342	-4.49333853611
+	1247	1345	-4.67498129933
+	1250	1348	-4.13683115762
+	1253	1351	-4.53014759384
+	1256	1354	-4.31941739548
+	1259	1357	-3.57408569862
+	1262	1360	-3.42280034389
+	1265	1363	-3.54028443784
+	1268	1366	-3.45685423848
+	1271	1369	-1.91047149938
+	1274	1372	-2.1814610006
+	1277	1375	-2.01052978647
+	1280	1378	-2.99906590152
+	1283	1381	-2.71235945442
+	1286	1384	-2.72227704751
+	1289	1387	-3.41739734633
+	1292	1390	-4.14599235043
+	1295	1393	-3.9304946976
+	1298	1396	-2.89303089737
+	1301	1399	-2.45016224141
+	1304	1402	-2.48246503964
+	1307	1405	-2.48246503964
+	1310	1408	-2.63871386605
+	1313	1411	-2.39935568117
+	1316	1414	-2.6152080023
+	1319	1417	-2.44982480028
+	1322	1420	-0.991767639569
+	1325	1423	-0.504631658088
+	1328	1426	-1.33864352475
+	1331	1429	-1.53921603209
+	1334	1432	-0.993635190554
+	1337	1435	-1.35255784366
+	1340	1438	-0.984815703827
+	1343	1441	-1.40235434363
+	1346	1444	-0.75379240453
+	1349	1447	-1.52705214995
+	1352	1450	-1.40757867405
+	1355	1453	-1.76789061396
+	1358	1456	-2.48016721697
+	1361	1459	-3.3014912227
+	1364	1462	-2.89913586391
+	1367	1465	-3.2897691233
+	1370	1468	-3.72528600695
+	1373	1471	-4.01446541207
+	1376	1474	-3.34624162772
+	1379	1477	-2.6112200476
+	1382	1480	-1.90939037965
+	1385	1483	-1.20812675508
+	1388	1486	-0.666391453035
+	1391	1489	-0.666391453035
+	1394	1492	-1.13398737576
+	1397	1495	-3.06175231487
+	1400	1498	-2.18648026161
