start	end	log(Pc/Po)
0	98	-9.58144892908
1	99	-2.74729400285
2	100	-4.49185446255
3	101	-8.89663168255
4	102	-1.68408768302
5	103	-5.62857113226
6	104	-8.32120802776
7	105	-1.6197271433
8	106	-4.59037621169
9	107	-10.5769467917
10	108	-1.47877348334
11	109	-5.05170147748
12	110	-10.5769467917
13	111	-3.94106219598
14	112	-4.76233076051
15	113	-9.17608857405
16	114	-4.59296666497
17	115	-4.27542128345
18	116	-8.53283626774
19	117	-5.06022063388
20	118	-4.42726629619
21	119	-9.37312781178
22	120	-5.56899504609
23	121	-3.34758613295
24	122	-9.72405337672
25	123	-3.19260929165
26	124	-2.44418908741
27	125	-9.50151455388
28	126	-4.69524648885
29	127	-2.84660232674
30	128	-9.50151455388
31	129	-4.67604388339
32	130	-2.84256059254
33	131	-9.0853586757
34	132	-5.37745060976
35	133	-3.34550442056
36	134	-9.0853586757
37	135	-5.84470457866
38	136	-3.68175796037
39	137	-10.7469709379
40	138	-7.76680312517
41	139	-3.44452064188
42	140	-11.3073404904
43	141	-7.16144872342
44	142	-4.59049427073
45	143	-11.6423033056
46	144	-6.17986743739
47	145	-5.02063594127
48	146	-13.8314210421
49	147	-4.58702487147
50	148	-5.37711532249
51	149	-12.6876078641
52	150	-6.61400576378
53	151	-5.34735239345
54	152	-13.69543713
55	153	-4.55661667802
56	154	-6.44455475299
57	155	-13.346021111
58	156	-2.66529810192
59	157	-7.17030730611
60	158	-11.084153362
61	159	-3.939483081
62	160	-8.51698219783
63	161	-10.0852537082
64	162	-4.7739607459
65	163	-9.63887316143
66	164	-9.36021710097
67	165	-4.29913608812
68	166	-9.13275095234
69	167	-10.160538627
70	168	-3.51212366339
71	169	-9.97304249637
72	170	-10.6484518796
73	171	-2.42585915476
74	172	-10.0092758608
75	173	-11.425216898
76	174	-2.82285691408
77	175	-9.68536176826
78	176	-10.9010368503
79	177	-4.34254222126
80	178	-8.76546165518
81	179	-9.44684421619
82	180	-4.34254222126
83	181	-7.33026897529
84	182	-10.5383286317
85	183	-4.04686466792
86	184	-7.36156288768
87	185	-9.93274419254
88	186	-4.34590019982
89	187	-6.65769153316
90	188	-9.71791617029
91	189	-4.71198256887
92	190	-6.37422296127
93	191	-10.053291539
94	192	-4.94074044047
95	193	-7.27762000681
96	194	-10.06422939
97	195	-6.03346762335
98	196	-9.66301329284
99	197	-8.27845800713
100	198	-5.81092880051
101	199	-11.202950065
102	200	-8.48446931068
103	201	-5.35444981315
104	202	-11.4739648941
105	203	-7.4457817259
106	204	-5.92175418089
107	205	-12.5121598146
108	206	-5.19004296198
109	207	-8.29410077802
110	208	-12.3584091692
111	209	-4.64172350053
112	210	-7.72939187685
113	211	-12.7484829612
114	212	-5.72739829731
115	213	-7.57528612219
116	214	-12.0794695856
117	215	-9.06351200404
118	216	-8.40001058979
119	217	-11.9450412008
120	218	-10.3038284489
121	219	-7.77730278639
122	220	-13.5497585604
123	221	-13.4310233529
124	222	-9.54787083502
125	223	-12.2924759462
126	224	-14.7398266843
127	225	-8.61047774976
128	226	-11.9660432454
129	227	-13.9591908326
130	228	-10.0766236192
131	229	-12.0599584087
132	230	-14.1585822892
133	231	-11.2228604095
134	232	-12.7472326633
135	233	-14.7344986082
136	234	-11.811400997
137	235	-12.9402046761
138	236	-14.0496813617
139	237	-10.5478576691
140	238	-12.6097520081
141	239	-13.5014214839
142	240	-12.0355864081
143	241	-11.4637783793
144	242	-13.1664586687
145	243	-12.872026645
146	244	-11.3541612653
147	245	-11.3876999986
148	246	-13.6245776669
149	247	-10.7779793024
150	248	-12.0769970502
151	249	-12.1101760664
152	250	-10.3263755461
153	251	-13.1053864386
154	252	-13.1314401695
155	253	-9.90357059684
156	254	-11.8654291279
157	255	-15.4049520461
158	256	-9.60136776838
159	257	-12.0343494406
160	258	-15.5663497611
161	259	-9.10287034972
162	260	-12.5965535197
163	261	-15.5663497611
164	262	-8.07577431697
165	263	-12.2602999799
166	264	-15.8861806391
167	265	-8.07577431697
168	266	-12.2602999799
169	267	-15.580465881
170	268	-6.79034945199
171	269	-12.9969804146
172	270	-15.8929998754
173	271	-6.57939835513
174	272	-12.3294604905
175	273	-16.2095676244
176	274	-6.77486474793
177	275	-12.38739034
178	276	-14.683974173
179	277	-7.18522381427
180	278	-14.6565386221
181	279	-13.7575189387
182	280	-9.56160956871
183	281	-17.1448057859
184	282	-16.4503803391
185	283	-10.0216212857
186	284	-17.0941686289
187	285	-16.1513448072
188	286	-10.0825059778
189	287	-16.528924517
190	288	-16.0753642686
191	289	-10.1746022472
192	290	-16.1994572925
193	291	-16.2823149036
194	292	-8.14325860638
195	293	-16.7731425092
196	294	-16.8667152805
197	295	-3.67995557608
198	296	-16.3697961556
199	297	-18.0094481023
200	298	-3.12349842247
201	299	-16.3635349202
202	300	-17.6830154015
203	301	-2.18895930838
204	302	-17.9981190567
205	303	-17.8717922375
206	304	-4.11155051911
207	305	-17.6531917116
208	306	-16.6763873058
209	307	-4.42415888999
210	308	-18.8528724384
211	309	-15.3934526902
212	310	-6.11469308684
213	311	-17.4319287453
214	312	-15.3103211264
215	313	-8.63168291188
216	314	-14.7221365274
217	315	-14.9381533341
218	316	-7.43223882281
219	317	-15.1622921926
220	318	-14.716817829
221	319	-5.35432907855
222	320	-12.0146243917
223	321	-16.6773061014
224	322	-5.42398987898
225	323	-11.2012343508
226	324	-17.468879804
227	325	-5.23876424616
228	326	-11.4741088186
229	327	-16.9438426077
230	328	-4.51953696816
231	329	-11.0145394305
232	330	-15.2301396493
233	331	-3.45633064834
234	332	-11.8627169036
235	333	-14.7934440746
236	334	-3.49708961336
237	335	-12.8341219206
238	336	-13.5881615911
239	337	-4.58981679624
240	338	-15.1681531812
241	339	-12.5018970825
242	340	-3.95575319669
243	341	-15.433259866
244	342	-12.2367903977
245	343	-4.21212902471
246	344	-16.3970628881
247	345	-13.3315938489
248	346	-5.51442921386
249	347	-16.3646695374
250	348	-13.6505905176
251	349	-7.90555499844
252	350	-14.0001720227
253	351	-12.9278024248
254	352	-7.24209543907
255	353	-14.6269268934
256	354	-12.9278024248
257	355	-7.00400699011
258	356	-17.1600299948
259	357	-12.2428590189
260	358	-6.43303685357
261	359	-17.1098160924
262	360	-11.2350297531
263	361	-8.56963485989
264	362	-16.665667415
265	363	-11.4913808379
266	364	-8.13684098623
267	365	-16.665667415
268	366	-10.8223674623
269	367	-11.2620035961
270	368	-16.8210707857
271	369	-9.80933370554
272	370	-12.4811722214
273	371	-17.5529512495
274	372	-9.09576819724
275	373	-12.2857058286
276	374	-17.0277674311
277	375	-8.84260297852
278	376	-14.0644644987
279	377	-14.8386496946
280	378	-8.5631162506
281	379	-13.5856585558
282	380	-11.5179714783
283	381	-6.68340848767
284	382	-13.3989682462
285	383	-10.7959775594
286	384	-7.34222616338
287	385	-13.2279501406
288	386	-12.4584240309
289	387	-7.54349588927
290	388	-11.5217426317
291	389	-13.0747122925
292	390	-6.3613958071
293	391	-13.2552736661
294	392	-11.8005273135
295	393	-3.69908568599
296	394	-13.927922233
297	395	-11.6347526298
298	396	-3.65911566795
299	397	-13.6222074749
300	398	-10.3493277648
301	399	-4.29620797349
302	400	-15.2364700196
303	401	-9.58451090033
304	402	-2.63402573246
305	403	-14.5491957649
306	404	-10.1581961171
307	405	-3.21842610931
308	406	-13.5137993012
309	407	-9.23800211811
310	408	-4.98016666784
311	409	-15.1439433207
312	410	-12.6984336243
313	411	-5.14211906758
314	412	-12.7259977825
315	413	-12.917126832
316	414	-5.96982364371
317	415	-13.7770248145
318	416	-11.7217219002
319	417	-6.75022586097
320	418	-14.105303675
321	419	-12.1649997464
322	420	-3.76775529426
323	421	-14.0708641785
324	422	-11.8312405866
325	423	-2.5856552121
326	424	-14.0708641785
327	425	-11.8312405866
328	426	-2.44051416294
329	427	-14.8914116625
330	428	-11.3709993304
331	429	-2.40670190091
332	430	-14.0325194358
333	431	-10.6149181266
334	432	-1.072829427
335	433	-14.0881591749
336	434	-8.66563408441
337	435	-1.82082641773
338	436	-14.1740621331
339	437	-8.66563408441
340	438	-1.82082641773
341	439	-13.9631110363
342	440	-7.67420006776
343	441	-1.09449908587
344	442	-13.4535699895
345	443	-6.57939661651
346	444	0.424576526776
346	444	0.424576526776
347	445	-15.3281178723
348	446	-5.56636285975
349	447	2.50248627104
349	447	2.50248627104
350	448	-12.6658077512
351	449	-6.88199808915
352	450	-0.330672739742
353	451	-12.186643494
354	452	-8.63162897292
355	453	0.891812104837
355	453	0.891812104837
356	454	-11.7814796366
357	455	-5.77461177898
358	456	0.7310487467
358	456	0.7310487467
359	457	-10.9411880926
360	458	-4.88589582168
361	459	0.0417516950797
361	459	0.0417516950797
362	460	-8.70979515545
363	461	-5.32896048955
364	462	0.443215925505
364	462	0.443215925505
365	463	-10.4898323838
366	464	-4.19130141416
367	465	0.0976743952124
367	465	0.0976743952124
368	466	-8.34814939255
369	467	-4.0758680615
370	468	-0.74636891332
371	469	-7.03251416316
372	470	-2.60377602305
373	471	-0.679298569885
374	472	-8.69412642534
375	473	-4.84978866209
376	474	0.204252881099
376	474	0.204252881099
377	475	-7.34745153362
378	476	-7.20975528822
379	477	0.625265915513
379	477	0.625265915513
380	478	-6.22154011698
381	479	-7.65997304021
382	480	1.36194635024
382	480	1.36194635024
383	481	-5.60329136441
384	482	-6.77015764458
385	483	1.5766153485
385	483	1.5766153485
386	484	-5.51795838506
387	485	-6.02882048111
388	486	-0.755218027025
389	487	-5.78858319987
390	488	-4.94255597249
391	489	-0.58050029458
392	490	-4.16429725977
393	491	-6.36349966559
394	492	-2.17960409587
395	493	-4.62836536252
396	494	-6.93963341563
397	495	-1.66212801171
398	496	-5.23602536706
399	497	-7.61739827606
400	498	-0.305310197099
401	499	-3.88878201232
402	500	-8.43919951194
403	501	-1.40278353696
404	502	-1.61527013567
405	503	-8.23478746708
406	504	0.844313111663
406	504	0.844313111663
407	505	-2.55675143617
408	506	-9.72595160259
409	507	2.16967183404
409	507	2.16967183404
410	508	1.81008499005
410	508	1.81008499005
411	509	-7.31094720388
412	510	1.8883463876
412	510	1.8883463876
413	511	1.56358774651
413	511	1.56358774651
414	512	-7.6603632229
415	513	2.45931652414
415	513	2.45931652414
416	514	1.49994665524
416	514	1.49994665524
417	515	-6.05564586329
418	516	1.8757594197
418	516	1.8757594197
419	517	2.12670152591
419	517	2.12670152591
420	518	-7.57004746373
421	519	2.35372035918
421	519	2.35372035918
422	520	1.9909047243
422	520	1.9909047243
423	521	-7.05475019294
424	522	2.20860721363
424	522	2.20860721363
425	523	1.73831975366
425	523	1.73831975366
426	524	-8.77153727936
427	525	2.30070348296
427	525	2.30070348296
428	526	-0.557543887457
429	527	-8.77045326977
430	528	1.77551966455
430	528	1.77551966455
431	529	-0.959957126785
432	530	-8.77045326977
433	531	-0.686769048094
434	532	-0.670586409819
435	533	-8.45170640136
436	534	-0.628839198581
437	535	0.74067527075
437	535	0.74067527075
438	536	-5.88586288433
439	537	-0.839742082612
440	538	-0.198254588894
441	539	-5.8627272413
442	540	-2.02254840182
443	541	-0.457327951843
444	542	-6.66304876729
445	543	-2.51046165449
446	544	2.34279433953
446	544	2.34279433953
447	545	-8.28374252859
448	546	-3.32665376765
449	547	2.34279433953
449	547	2.34279433953
450	548	-7.44129968384
451	549	-0.886656595914
452	550	1.13751185607
452	550	1.13751185607
453	551	-6.6542872591
454	552	-0.527267413068
455	553	-0.613376012987
456	554	-8.08534425016
457	555	-1.04248275531
458	556	-0.677017104261
459	557	-8.66152621303
460	558	-2.10281658747
461	559	-0.387646387295
462	560	-10.3242224848
463	561	-4.49394237206
464	562	0.384173312658
464	562	0.384173312658
465	563	-11.3811010508
466	564	-4.57195056642
467	565	1.2587731501
467	565	1.2587731501
468	566	-10.8058343969
469	567	-7.02907312927
470	568	0.357805071213
470	568	0.357805071213
471	569	-13.6389934077
472	570	-6.54990887208
473	571	2.33924821139
473	571	2.33924821139
474	572	-11.8602347376
475	573	-7.58530533581
476	574	2.31877531446
476	574	2.31877531446
477	575	-11.1908884293
478	576	-8.64855299491
479	577	1.19912513318
479	577	1.19912513318
480	578	-10.4142379765
481	579	-8.50500944871
482	580	1.54349483965
482	580	1.54349483965
483	581	-13.5910860484
484	582	-8.98968004552
485	583	1.08325358344
485	583	1.08325358344
486	584	-12.8446944729
487	585	-8.08086288421
488	586	1.08325358344
488	586	1.08325358344
489	587	-13.4876811353
490	588	-8.86093501841
491	589	1.16175444202
491	589	1.16175444202
492	590	-13.3854859571
493	591	-8.59793934345
494	592	1.16175444202
494	592	1.16175444202
495	593	-13.3854859571
496	594	-10.2248530008
497	595	2.75459700794
497	595	2.75459700794
498	596	-12.4003033957
499	597	-10.8010349637
500	598	3.39834197846
500	598	3.39834197846
501	599	-11.7474224726
502	600	-10.6096626611
503	601	3.39834197846
503	601	3.39834197846
504	602	-13.9788154098
505	603	-10.1665979933
506	604	3.86663089431
506	604	3.86663089431
507	605	-13.4078452732
508	606	-10.2302390846
509	607	3.48990511375
509	607	3.48990511375
510	608	-13.983111927
511	609	-9.45650857036
512	610	3.84419812883
512	610	3.84419812883
513	611	-14.0853071052
514	612	-8.40051776979
515	613	4.02942376166
515	613	4.02942376166
516	614	-14.8584485043
517	615	-8.09980610719
518	616	2.39483962515
518	616	2.39483962515
519	617	-12.7277586422
520	618	-9.53538880129
521	619	1.9307715224
521	619	1.9307715224
522	620	-13.3715036127
523	621	-10.5723757379
524	622	2.18335649304
524	622	2.18335649304
525	623	-11.210823953
526	624	-11.0156535841
527	625	5.34475246733
527	625	5.34475246733
528	626	-11.4073743554
529	627	-10.7358829996
530	628	6.17120809553
530	628	6.17120809553
531	629	-13.4322231675
532	630	-8.98728376966
533	631	6.26204840139
533	631	6.26204840139
534	632	-14.1519486766
535	633	-9.41936754807
536	634	4.18144041249
536	634	4.18144041249
537	635	-14.9564501514
538	636	-11.3689751079
539	637	5.24468807159
539	637	5.24468807159
540	638	-15.2359368793
541	639	-10.0981501671
542	640	4.41227701906
542	640	4.41227701906
543	641	-14.9293981151
544	642	-10.3173545176
545	643	3.29262683778
545	643	3.29262683778
546	644	-14.6274528687
547	645	-10.8372705308
548	646	2.15591016808
548	646	2.15591016808
549	647	-15.1718363962
550	648	-13.7174233678
551	649	3.58252815668
551	649	3.58252815668
552	650	-13.8809390767
553	651	-13.7974539134
554	652	4.4436006301
554	652	4.4436006301
555	653	-12.6453484784
556	654	-13.3401684206
557	655	5.55826875345
557	655	5.55826875345
558	656	-13.0146216503
559	657	-12.970534595
560	658	6.3386709707
560	658	6.3386709707
561	659	-12.2523471354
562	660	-13.1413834846
563	661	7.68215739547
563	661	7.68215739547
564	662	-10.780255097
565	663	-13.0743131412
566	664	7.77017601706
566	664	7.77017601706
567	665	-11.5215922605
568	666	-10.7424797657
569	667	8.96962010614
569	667	8.96962010614
570	668	-9.73035498854
571	669	-12.2572713745
572	670	9.09393790559
572	670	9.09393790559
573	671	-8.84680353755
574	672	-11.2218749108
575	673	10.4300460319
575	673	10.4300460319
576	674	-7.35563940205
577	675	-10.2829450511
578	676	11.1393371469
578	676	11.1393371469
579	677	-11.0027503192
580	678	-12.4434554949
581	679	11.4954672027
581	679	11.4954672027
582	680	-9.04507087257
583	681	-13.0145794545
584	682	11.6322870306
584	682	11.6322870306
585	683	-9.79146244814
586	684	-12.6251178062
587	685	10.8647169249
587	685	10.8647169249
588	686	-9.49340313086
589	687	-13.7236149344
590	688	10.7867087305
590	688	10.7867087305
591	689	-9.08605726232
592	690	-15.0498169292
593	691	11.4502330156
593	691	11.4502330156
594	692	-9.18878781105
595	693	-14.7520043228
596	694	11.4780842109
596	694	11.4780842109
597	695	-9.66198019569
598	696	-15.0656377556
599	697	10.9435843347
599	697	10.9435843347
600	698	-9.86729165578
601	699	-15.1111906755
602	700	10.0333444496
602	700	10.0333444496
603	701	-6.86516131629
604	702	-17.5035393856
605	703	10.5343880296
605	703	10.5343880296
606	704	-6.58795397977
607	705	-19.5205062832
608	706	11.0354316096
608	706	11.0354316096
609	707	-6.31074664324
610	708	-21.3684827326
611	709	11.370700506
611	709	11.370700506
612	710	-4.91765414551
613	711	-22.1472661967
614	712	11.125128248
614	712	11.125128248
615	713	-3.94250469833
616	714	-21.7236336078
617	715	12.1900520378
617	715	12.1900520378
618	716	-4.88733481375
619	717	-20.7311155816
620	718	12.385287407
620	718	12.385287407
621	719	-3.84864722896
622	720	-21.0367442385
623	721	12.0747725869
623	721	12.0747725869
624	722	-3.04854075735
625	723	-21.0367442385
626	724	11.4044756229
626	724	11.4044756229
627	725	-2.13830087229
628	726	-23.6483481985
629	727	11.748496004
629	727	11.748496004
630	728	-0.0213557908692
631	729	-24.7052267644
632	730	11.6704878096
632	730	11.6704878096
633	731	-0.222739589816
634	732	-26.6629062111
635	733	14.5314980158
635	733	14.5314980158
636	734	-0.637406740319
637	735	-26.6629062111
638	736	13.6026787415
638	736	13.6026787415
639	737	-0.84129691165
640	738	-26.6058116871
641	739	14.9659507331
641	739	14.9659507331
642	740	-0.256673843976
643	741	-26.8613125429
644	742	15.2226851727
644	742	15.2226851727
645	743	-0.108401338385
646	744	-26.9784888353
647	745	15.7284353621
647	745	15.7284353621
648	746	-0.337159209982
649	747	-26.3674842804
650	748	15.7005841667
650	748	15.7005841667
651	749	-0.810351594626
652	750	-27.230400022
653	751	16.9853421766
653	751	16.9853421766
654	752	-1.95750079533
655	753	-26.9506294376
656	754	16.3706969807
656	754	16.3706969807
657	755	-1.79211779476
658	756	-25.904064235
659	757	15.5266536722
659	757	15.5266536722
660	758	-1.14913113232
661	759	-25.1488149685
662	760	14.7462514549
662	760	14.7462514549
663	761	-1.45654883327
664	762	-25.9294508203
665	763	14.4627664405
665	763	14.4627664405
666	764	0.0311799057803
666	764	0.0311799057803
667	765	-27.3524670345
668	766	14.1921416257
668	766	14.1921416257
669	767	1.07310164463
669	767	1.07310164463
670	768	-26.3168396828
671	769	13.8360115698
671	769	13.8360115698
672	770	-0.685811430945
673	771	-27.2583209833
674	772	14.13448758
674	772	14.13448758
675	773	-3.28647754001
676	774	-27.355338689
677	775	14.7106213301
677	775	14.7106213301
678	776	-0.276458928405
679	777	-25.1339435531
680	778	13.7412888342
680	778	13.7412888342
681	779	1.33765231117
681	779	1.33765231117
682	780	-26.9351661907
683	781	13.7582196517
683	781	13.7582196517
684	782	1.36894622356
684	782	1.36894622356
685	783	-27.0475852536
686	784	13.9266473003
686	784	13.9266473003
687	785	1.14018835197
687	785	1.14018835197
688	786	-25.825100409
689	787	14.5698996066
689	787	14.5698996066
690	788	1.00616389084
690	788	1.00616389084
691	789	-26.4361049639
692	790	14.3203038984
692	790	14.3203038984
693	791	1.59928405152
693	791	1.59928405152
694	792	-25.9189619223
695	793	13.7556009377
695	793	13.7556009377
696	794	-0.292021078546
697	795	-24.9048287272
698	796	13.9133750333
698	796	13.9133750333
699	797	-0.332780043568
700	798	-25.8160418232
701	799	14.5529901036
701	799	14.5529901036
702	800	-0.534788091683
703	801	-24.7876524349
704	802	14.8236149184
704	802	14.8236149184
705	803	-0.978065937866
706	804	-22.8959747246
707	805	15.0942397332
707	805	15.0942397332
708	806	-2.93574538449
709	807	-20.0349645184
710	808	14.3937399709
710	808	14.3937399709
711	809	-5.01365512875
712	810	-23.1826323193
713	811	14.3937399709
713	811	14.3937399709
714	812	-5.19258053633
715	813	-24.1699722457
716	814	13.5282076377
716	814	13.5282076377
717	815	-4.12270151909
718	816	-25.5136718488
719	817	13.5282076377
719	817	13.5282076377
720	818	-4.12270151909
721	819	-25.5136718488
722	820	14.0195791941
722	820	14.0195791941
723	821	-4.95802929462
724	822	-24.3857252536
725	823	14.2213415842
725	823	14.2213415842
726	824	-6.14005675579
727	825	-23.7747206987
728	826	14.1934903888
728	826	14.1934903888
729	827	-5.49707009335
730	828	-22.6100463612
731	829	13.5254778005
731	829	13.5254778005
732	830	-4.18101817106
733	831	-20.378653424
734	832	13.0824131326
734	832	13.0824131326
735	833	-3.52709365769
736	834	-18.8363917328
737	835	13.5902193725
737	835	13.5902193725
738	836	-4.04932171264
739	837	-19.3813995094
740	838	14.2019832474
740	838	14.2019832474
741	839	-4.703246226
742	840	-18.9670409281
743	841	14.5966100732
743	841	14.5966100732
744	842	-5.72443411453
745	843	-20.1760666306
746	844	15.2275765535
746	844	15.2275765535
747	845	-4.95129271547
748	846	-18.5000385092
749	847	14.5966100732
749	847	14.5966100732
750	848	-4.97973079225
751	849	-18.9228434584
752	850	13.3566527625
752	850	13.3566527625
753	851	-4.3634425306
754	852	-19.8140052903
755	853	13.3566527625
755	853	13.3566527625
756	854	-4.3634425306
757	855	-19.4234789108
758	856	13.5418783953
758	856	13.5418783953
759	857	-4.63631699835
760	858	-18.7386616642
761	859	13.7575776519
761	859	13.7575776519
762	860	-6.41635422675
763	861	-17.700590718
764	862	13.7076308107
764	862	13.7076308107
765	863	-6.96136200338
766	864	-15.3360932033
767	865	13.6797796153
767	865	13.6797796153
768	866	-7.63401057033
769	867	-16.7413543806
770	868	13.2555074539
770	868	13.2555074539
771	869	-7.95300723902
772	870	-20.2631761104
773	871	12.0804927055
773	871	12.0804927055
774	872	-5.62117386349
775	873	-22.2335045031
776	874	11.3525139427
776	874	11.3525139427
777	875	-5.15417144451
778	876	-22.2527071086
779	877	11.5542763328
779	877	11.5542763328
780	878	-6.4702233668
781	879	-22.2527071086
782	880	11.5542763328
782	880	11.5542763328
783	881	-6.4702233668
784	882	-22.529749694
785	883	12.15341879
785	883	12.15341879
786	884	-5.2238895831
787	885	-21.7771986721
788	886	11.7766930095
788	886	11.7766930095
789	887	-5.19259567071
790	888	-20.5913389254
791	889	12.0842676298
791	889	12.0842676298
792	890	-5.0706181682
793	891	-21.108481967
794	892	12.6489705905
794	892	12.6489705905
795	893	-2.70612065349
796	894	-21.609525547
797	895	11.7860548489
797	895	11.7860548489
798	896	-3.88365135623
799	897	-21.9073381534
800	898	11.7582036535
800	898	11.7582036535
801	899	-3.41045897158
802	900	-21.0444224117
803	901	11.0665658043
803	901	11.0665658043
804	902	-3.25064969729
805	903	-19.804465101
806	904	9.72616805523
806	904	9.72616805523
807	905	-1.68561093985
808	906	-20.5551043893
809	907	9.06270849586
809	907	9.06270849586
810	908	0.690774814594
810	908	0.690774814594
811	909	-17.1337230978
812	910	9.52403376166
812	910	9.52403376166
813	911	0.690774814594
813	911	0.690774814594
814	912	-16.9333860897
815	913	9.8445583182
815	913	9.8445583182
816	914	0.392715497307
816	914	0.392715497307
817	915	-18.607053325
818	916	10.3708261462
818	916	10.3708261462
819	917	-0.355870256984
820	918	-17.3849920148
821	919	10.18996941
821	919	10.18996941
822	920	-1.06535227534
823	921	-17.7894219982
824	922	9.59358019404
824	922	9.59358019404
825	923	-1.32442563829
826	924	-16.5202043748
827	925	8.19481340081
827	925	8.19481340081
828	926	-0.967946257072
829	927	-17.0893254121
830	928	8.66106359904
830	928	8.66106359904
831	929	-0.967946257072
832	930	-18.0224395397
833	931	7.82994328783
833	931	7.82994328783
834	932	-2.96854566216
835	933	-17.4041907871
836	934	7.91568742593
836	934	7.91568742593
837	935	-3.12265141681
838	936	-17.4041907871
839	937	7.91568742593
839	937	7.91568742593
840	938	-1.80701618742
841	939	-16.5276520489
842	940	8.85716872642
842	940	8.85716872642
843	941	-0.958838714358
844	942	-14.741880666
845	943	8.19545801039
845	943	8.19545801039
846	944	-1.30183844287
847	945	-14.4282472333
848	946	8.49814563024
848	946	8.49814563024
849	947	-1.8421297203
850	948	-14.3776100763
851	949	9.24614262098
851	949	9.24614262098
852	950	-1.02778376685
853	951	-16.0980522044
854	952	8.66134372782
854	952	8.66134372782
855	953	-1.02778376685
856	954	-16.4885785839
857	955	8.476118095
857	955	8.476118095
858	956	-1.39789596155
859	957	-18.528066397
860	958	8.44167859849
860	958	8.44167859849
861	959	-0.556774815909
862	960	-20.7751630456
863	961	9.10338931452
863	961	9.10338931452
864	962	-0.413231269703
865	963	-21.0825807466
866	964	7.71029681679
866	964	7.71029681679
867	965	-1.58793717589
868	966	-20.6037748036
869	967	7.32022302474
869	967	7.32022302474
870	968	-0.963311850321
871	969	-18.504969288
872	970	7.47397367018
872	970	7.47397367018
873	971	-1.00811254954
874	972	-18.7056541002
875	973	8.31588582415
875	973	8.31588582415
876	974	-0.118297153909
877	975	-18.490985102
878	976	8.31539315993
878	976	8.31539315993
879	977	-0.493813739533
880	978	-16.8167742273
881	979	9.33665726296
881	979	9.33665726296
882	980	-2.78084641584
883	981	-14.6457610223
884	982	9.00138836664
884	982	9.00138836664
885	983	-4.33371896372
886	984	-15.4619531355
887	985	8.15894552189
887	985	8.15894552189
888	986	-4.22397570229
889	987	-14.0362089222
890	988	7.75796688122
890	988	7.75796688122
891	989	-4.62543993271
892	990	-13.7496211517
893	991	5.06780556473
893	991	5.06780556473
894	992	-5.29808849967
895	993	-13.583846468
896	994	4.99618219233
896	994	4.99618219233
897	995	-4.27099246692
898	996	-11.337833829
899	997	4.57988471025
899	997	4.57988471025
900	998	-5.28856837902
901	999	-12.8396773108
902	1000	3.72671276559
902	1000	3.72671276559
903	1001	-8.15276760804
904	1002	-15.9713123318
905	1003	4.57515019468
905	1003	4.57515019468
906	1004	-6.54095829355
907	1005	-16.266100151
908	1006	4.15234524543
908	1006	4.15234524543
909	1007	-7.50114501976
910	1008	-16.5150757317
911	1009	3.2314505916
911	1009	3.2314505916
912	1010	-8.18775194536
913	1011	-16.1338848506
914	1012	2.28872962918
914	1012	2.28872962918
915	1013	-7.81359801646
916	1014	-13.8380212095
917	1015	1.82039165069
917	1015	1.82039165069
918	1016	-10.0257983935
919	1017	-13.3011694441
920	1018	2.45135813102
920	1018	2.45135813102
921	1019	-9.45211317672
922	1020	-12.5731906813
923	1021	2.39437375962
923	1021	2.39437375962
924	1022	-10.1568428359
925	1023	-11.7169499489
926	1024	3.18137667797
926	1024	3.18137667797
927	1025	-10.2907833943
928	1026	-12.2391780039
929	1027	3.80668879273
929	1027	3.80668879273
930	1028	-11.4657981428
931	1029	-10.5353264739
932	1030	2.96556764709
932	1030	2.96556764709
933	1031	-9.21870149414
934	1032	-10.1338622435
935	1033	1.18553041869
935	1033	1.18553041869
936	1034	-9.14341657539
937	1035	-11.0259460489
938	1036	0.992046108925
938	1036	0.992046108925
939	1037	-9.23988317948
940	1038	-11.442243531
941	1039	0.575748626848
941	1039	0.575748626848
942	1040	-8.34054543216
943	1041	-10.9820022748
944	1042	0.353907891892
944	1042	0.353907891892
945	1043	-8.27690434089
946	1044	-10.4058203119
947	1045	-0.335389159727
948	1046	-9.2100184685
949	1047	-9.64306742806
950	1048	-1.53499734769
951	1049	-9.41859137336
952	1050	-8.45720768139
953	1051	-1.20532053066
954	1052	-9.28177154547
955	1053	-8.21179444744
956	1054	-1.27267986849
957	1055	-10.6284464372
958	1056	-6.09484936601
959	1057	-3.53454761741
960	1058	-10.1049007463
961	1059	-5.02538181082
962	1060	-4.35073973057
963	1061	-10.1049007463
964	1062	-4.81443071396
965	1063	-3.37394471491
966	1064	-9.14109772418
967	1065	-5.87763703379
968	1066	-2.90396846794
969	1067	-9.76572304974
970	1068	-6.17544964019
971	1069	-3.49681560448
972	1070	-11.6126000608
973	1071	-3.78310093011
974	1072	-3.97597986167
975	1073	-13.594043201
976	1074	-6.02911356915
977	1075	-4.55140351646
978	1076	-13.0774894415
979	1077	-5.37149106836
980	1078	-7.0136922291
981	1079	-10.5567257874
982	1080	-7.25591650286
983	1081	-9.36858464927
984	1082	-9.00385323952
985	1083	-6.4397243897
986	1084	-8.05294941988
987	1085	-8.12731450124
988	1086	-5.77801367367
989	1087	-7.70994969136
990	1088	-8.440947934
991	1089	-5.78755885875
992	1090	-5.46285304274
993	1091	-8.03948370357
994	1092	-6.11110763814
995	1093	-5.0006445787
996	1094	-8.35605145256
997	1095	-8.05930767077
998	1096	-4.77783140639
999	1097	-7.43494214454
1000	1098	-7.10184771642
1001	1099	-5.29041069826
1002	1100	-3.91312041474
1003	1101	-5.41131351957
1004	1102	-6.64979893638
1005	1103	-4.63284592381
1006	1104	-4.86692999211
1007	1105	-5.87716786052
1008	1106	-4.58289908266
1009	1107	-4.02614241669
1010	1108	-5.07791149955
1011	1109	-4.07714889329
1012	1110	-3.74828541497
1013	1111	-3.73529590605
1014	1112	-3.8758791674
1015	1113	-4.06485316396
1016	1114	-3.4827109354
1017	1115	-1.71519950771
1018	1116	-5.10677490282
1019	1117	-5.19098685398
1020	1118	-1.23603525052
1021	1119	-6.87726694613
1022	1120	-6.46020447736
1023	1121	0.138126837974
1023	1121	0.138126837974
1024	1122	-7.93325774671
1025	1123	-7.13933792201
1026	1124	0.195074743041
1026	1124	0.195074743041
1027	1125	-7.07134271882
1028	1126	-9.18766625098
1029	1127	0.878129171564
1029	1127	0.878129171564
1030	1128	-8.87806812656
1031	1129	-8.13560778536
1032	1130	0.307060644339
1032	1130	0.307060644339
1033	1131	-10.6943387194
1034	1132	-7.75642877459
1035	1133	1.59116396372
1035	1133	1.59116396372
1036	1134	-9.31434166129
1037	1135	-9.5379803313
1038	1136	0.947911657412
1038	1136	0.947911657412
1039	1137	-9.78159563019
1040	1138	-10.1570793129
1041	1139	0.0281010131647
1041	1139	0.0281010131647
1042	1140	-10.5020148178
1043	1141	-10.0137394366
1044	1142	-0.627079463676
1045	1143	-11.5422648834
1046	1144	-9.87971497545
1047	1145	-1.31435371833
1048	1146	-11.2693904157
1049	1147	-8.8149013382
1050	1148	-2.53641502856
1051	1149	-9.63204523046
1052	1150	-10.0909645495
1053	1151	-3.1954629114
1054	1152	-10.2009303098
1055	1153	-9.51483079944
1056	1154	-1.94088428901
1057	1155	-10.0279198943
1058	1156	-8.08940328739
1059	1157	-2.35481286587
1060	1158	-9.17528890299
1061	1159	-8.68094267296
1062	1160	-2.81888096862
1063	1161	-9.81903387351
1064	1162	-9.81751773876
1065	1163	-2.75152163079
1066	1164	-8.47235898179
1067	1165	-10.0214079101
1068	1166	-1.12372163064
1069	1167	-7.2088156539
1070	1168	-9.02194186644
1071	1169	-1.72314293068
1072	1170	-7.65188032176
1073	1171	-9.29077459998
1074	1172	-0.781949856123
1075	1173	-5.40586768273
1076	1174	-8.85869082157
1077	1175	-2.56772123895
1078	1176	-4.46438638223
1079	1177	-7.36752668607
1080	1178	-1.91163682115
1081	1179	-3.12668821257
1082	1180	-6.09830906268
1083	1181	-2.4484885865
1084	1182	-3.75765469291
1085	1183	-6.59993952411
1086	1184	-4.20740166208
1087	1185	-4.20776443702
1088	1186	-7.5255139327
1089	1187	-4.03731177552
1090	1188	-3.43594473707
1091	1189	-10.542880771
1092	1190	-5.24371506813
1093	1191	-3.37626951859
1094	1192	-10.0989881978
1095	1193	-5.7654665159
1096	1194	-1.75149091427
1097	1195	-10.789055339
1098	1196	-6.4215509337
1099	1197	-1.06219386265
1100	1198	-12.3034569394
1101	1199	-6.20285772605
1102	1200	-0.905851048428
1103	1201	-13.1150819062
1104	1202	-5.35881441752
1105	1203	-1.10530723074
1106	1204	-14.2067096508
1107	1205	-5.78244700637
1108	1206	-1.04835932567
1109	1207	-14.2067096508
1110	1208	-5.78244700637
1111	1209	-1.55497419898
1112	1210	-14.5429631906
1113	1211	-5.13870203585
1114	1212	-0.841901354893
1115	1213	-15.4648692581
1116	1214	-5.45326368759
1117	1215	-0.273172000685
1118	1216	-14.7428753393
1119	1217	-7.62427689253
1120	1218	1.83258893895
1120	1218	1.83258893895
1121	1219	-13.3962004476
1122	1220	-10.5836648187
1123	1221	3.01021803238
1123	1221	3.01021803238
1124	1222	-12.5554128721
1125	1223	-11.789606781
1126	1224	3.84554580791
1126	1224	3.84554580791
1127	1225	-11.949828433
1128	1226	-12.2578331872
1129	1227	4.93827299079
1129	1227	4.93827299079
1130	1228	-11.2427108298
1131	1229	-13.246587054
1132	1230	5.77939413643
1132	1230	5.77939413643
1133	1231	-12.1967450323
1134	1232	-13.5262951289
1135	1233	5.71451115788
1135	1233	5.71451115788
1136	1234	-11.8208129671
1137	1235	-14.9503889209
1138	1236	3.93575248775
1138	1236	3.93575248775
1139	1237	-11.4580650704
1140	1238	-13.7107473987
1141	1239	4.65617167538
1141	1239	4.65617167538
1142	1240	-11.6014049467
1143	1241	-13.0555669218
1144	1242	5.696421741
1144	1242	5.696421741
1145	1243	-11.6014049467
1146	1244	-11.4286532644
1147	1245	5.97590846891
1147	1245	5.97590846891
1148	1246	-11.8099778516
1149	1247	-10.2815040637
1150	1248	5.76430749699
1150	1248	5.76430749699
1151	1249	-10.2787925642
1152	1250	-10.354829309
1153	1251	5.80396702368
1153	1251	5.80396702368
1154	1252	-11.5242474111
1155	1253	-9.93228037162
1156	1254	6.61831297712
1156	1254	6.61831297712
1157	1255	-11.1584376513
1158	1256	-9.21077717441
1159	1257	6.41704325123
1159	1257	6.41704325123
1160	1258	-10.8933309665
1161	1259	-9.48179200343
1162	1260	6.02053815613
1162	1260	6.02053815613
1163	1261	-10.0806699932
1164	1262	-10.058692388
1165	1263	5.48881891239
1165	1263	5.48881891239
1166	1264	-10.8032350562
1167	1265	-10.7452993136
1168	1266	6.47128822354
1168	1266	6.47128822354
1169	1267	-11.2272774451
1170	1268	-8.86559155066
1171	1269	5.90131913465
1171	1269	5.90131913465
1172	1270	-12.3637058888
1173	1271	-8.48142590284
1174	1272	5.98933775624
1174	1272	5.98933775624
1175	1273	-14.7534691139
1176	1274	-6.01260009149
1177	1275	3.91142801198
1177	1275	3.91142801198
1178	1276	-18.5441235772
1179	1277	-9.34871379822
1180	1278	4.23642611409
1180	1278	4.23642611409
1181	1279	-18.09251238
1182	1280	-9.94857870258
1183	1281	4.12718101982
1183	1281	4.12718101982
1184	1282	-18.9839744163
1185	1283	-9.58843242024
1186	1284	3.28639344441
1186	1284	3.28639344441
1187	1285	-17.9783694621
1188	1286	-9.30909207242
1189	1287	3.97106219346
1189	1287	3.97106219346
1190	1288	-15.2855080617
1191	1289	-8.24780192536
1192	1290	3.80214188072
1192	1290	3.80214188072
1193	1291	-16.191609099
1194	1292	-7.4094827286
1195	1293	4.12556330903
1195	1293	4.12556330903
1196	1294	-15.72435513
1197	1295	-7.07322918879
1198	1296	3.71363059491
1198	1296	3.71363059491
1199	1297	-13.9043248727
1200	1298	-8.71493861066
1201	1299	4.50642828486
1201	1299	4.50642828486
1202	1300	-11.847245059
1203	1301	-10.2956623539
1204	1302	4.86290766608
1204	1302	4.86290766608
1205	1303	-10.645874053
1206	1304	-9.92197660621
1207	1305	4.27088694374
1207	1305	4.27088694374
1208	1306	-12.1869320319
1209	1307	-10.0435611478
1210	1308	5.2098030265
1210	1308	5.2098030265
1211	1309	-12.9872535579
1212	1310	-10.7632866568
1213	1311	5.27736603415
1213	1311	5.27736603415
1214	1312	-11.5308476141
1215	1313	-10.9646704558
1216	1314	3.99164534321
1216	1314	3.99164534321
1217	1315	-10.8157499509
1218	1316	-9.23113942141
1219	1317	3.01827111315
1219	1317	3.01827111315
1220	1318	-10.9533991402
1221	1319	-7.88601403994
1222	1320	2.86219332378
1222	1320	2.86219332378
1223	1321	-11.0049198575
1224	1322	-9.56022491467
1225	1323	1.66274923471
1225	1323	1.66274923471
1226	1324	-10.1225455202
1227	1325	-9.83999549914
1228	1326	2.94640780627
1228	1326	2.94640780627
1229	1327	-13.0675813358
1230	1328	-7.8371084373
1231	1329	3.52009302302
1231	1329	3.52009302302
1232	1330	-10.5017378187
1233	1331	-7.78021353474
1234	1332	3.17304328746
1234	1332	3.17304328746
1235	1333	-10.4555065653
1236	1334	-6.60158339366
1237	1335	5.52793570762
1237	1335	5.52793570762
1238	1336	-11.3357305463
1239	1337	-7.7960141091
1240	1338	5.55107135066
1240	1338	5.55107135066
1241	1339	-11.8509458885
1242	1340	-7.35963227295
1243	1341	4.77099921646
1243	1341	4.77099921646
1244	1342	-11.908875738
1245	1343	-7.46686062316
1246	1344	3.77106855777
1246	1344	3.77106855777
1247	1345	-13.2193784458
1248	1346	-7.39194851363
1249	1347	2.34532434445
1249	1347	2.34532434445
1250	1348	-14.6114851787
1251	1349	-6.82082455407
1252	1350	-0.141732931669
1253	1351	-14.5362002599
1254	1352	-7.31322962183
1255	1353	-0.38474533304
1256	1354	-14.2339974315
1257	1355	-7.31431363142
1258	1356	0.140438485378
1258	1356	0.140438485378
1259	1357	-13.5076700996
1260	1358	-6.9241580448
1261	1359	-0.481757920493
1262	1360	-13.2175682691
1263	1361	-6.9298323403
1264	1362	1.04942736691
1264	1362	1.04942736691
1265	1363	-12.4950032061
1266	1364	-6.45482638662
1267	1365	0.649532735825
1267	1365	0.649532735825
1268	1366	-12.2279840161
1269	1367	-5.88823583845
1270	1368	-0.45273963214
1271	1369	-10.5652877444
1272	1370	-5.58579456067
1273	1371	-1.52322756488
1274	1372	-8.10816518151
1275	1373	-5.39231025091
1276	1374	-0.117966387575
1277	1375	-5.72277189547
1278	1376	-2.71228096198
1279	1377	-0.0101706160305
1280	1378	-6.1743830927
1281	1379	-2.11241605762
1282	1380	0.118277083699
1282	1380	0.118277083699
1283	1381	-5.0524749315
1284	1382	-1.32541313926
1285	1383	0.467693102727
1285	1383	0.467693102727
1286	1384	-6.82312579492
1287	1385	-3.45087149503
1288	1386	-0.216975646329
1289	1387	-7.55549892298
1290	1388	-4.28090779666
1291	1389	-0.512160535453
1292	1390	-7.13404942397
1293	1391	-3.77515760729
1294	1392	-1.34219683708
1295	1393	-9.380062063
1296	1394	-3.83205250986
1297	1395	-1.58826726219
1298	1396	-10.291275159
1299	1397	-2.19034308799
1300	1398	-1.78794479147
1301	1399	-11.8312119312
1302	1400	-2.03623733334
1303	1401	-2.76267292525
1304	1402	-12.5475157588
1305	1403	-2.19071873047
1306	1404	-2.45013893083
1307	1405	-12.5475157588
1308	1406	-5.90147073888
1309	1407	-3.01925996816
1310	1408	-11.2658275475
1311	1409	-7.44977614043
1312	1410	-3.2475794801
1313	1411	-14.0025199542
1314	1412	-6.62568453809
1315	1413	-1.58513300861
1316	1414	-14.6148870686
1317	1415	-10.4580210881
1318	1416	-3.47276898469
1319	1417	-13.8843907428
1320	1418	-9.35684815842
1321	1419	-4.98893265218
1322	1420	-13.7979737539
1323	1421	-6.35471781893
1324	1422	-4.69972844817
1325	1423	-13.5831457316
1326	1424	-6.22942863159
1327	1425	-5.47139684299
1328	1426	-11.9026736215
1329	1427	-7.24246238835
1330	1428	-5.10616597699
1331	1429	-13.1992995151
1332	1430	-7.36301667162
1333	1431	-4.97771827726
1334	1432	-12.5879082678
1335	1433	-7.51455077994
1336	1434	-5.08659805839
1337	1435	-11.7752472945
1338	1436	-7.67693787911
1339	1437	-6.78089114869
1340	1438	-10.9477717631
1341	1439	-8.10048760377
1342	1440	-6.32064989249
1343	1441	-10.4225879447
1344	1442	-7.37416027191
1345	1443	-5.66776896936
1346	1444	-9.98296497028
1347	1445	-9.00112120902
1348	1446	-4.61571050374
1349	1447	-8.66785089074
1350	1448	-9.49891992336
1351	1449	-2.47402751245
1352	1450	-8.78310582752
1353	1451	-9.31222961374
1354	1452	-2.29589808963
1355	1453	-9.44215371036
1356	1454	-9.71212424482
1357	1455	-2.3527929922
1358	1456	-9.41901806733
1359	1457	-10.0933151259
1360	1458	-1.579062478
1361	1459	-9.27632602416
1362	1460	-10.1478327514
1363	1461	-3.35034822161
1364	1462	-8.97107854774
1365	1463	-10.7324558191
1366	1464	-3.56955257218
1367	1465	-9.48416816281
1368	1466	-10.3579376942
1369	1467	-2.42357894333
1370	1468	-10.20567136
1371	1469	-10.3241254322
1372	1470	-1.76502372471
1373	1471	-10.9423517947
1374	1472	-11.6150227517
1375	1473	-1.48553699679
1376	1474	-10.7117965236
1377	1475	-11.3993234952
1378	1476	-3.26557422519
1379	1477	-9.73391749838
1380	1478	-11.1336560664
1381	1479	-3.26557422519
1382	1480	-10.4042144624
1383	1481	-12.685704894
1384	1482	-4.98640304581
1385	1483	-8.91305032685
1386	1484	-10.1198613769
1387	1485	-4.41097939102
1388	1486	-8.99383083628
1389	1487	-9.68971970639
1390	1488	-3.84877531194
1391	1489	-8.99383083628
1392	1490	-9.67051710093
1393	1491	-3.05255127235
1394	1492	-7.93062451646
1395	1493	-10.334041386
1396	1494	-2.48256675471
1397	1495	-6.58370291385
1398	1496	-11.3701663687
1399	1497	-2.7511156317
1400	1498	-5.55254055388
1401	1499	-10.6440481424
