Sequence	Length(log10)	GC	Expression	1_x	2_x	3_x	4_x	5_x	1_y	2_y	3_y	4_y	5_y	1	2	3	4	5
RPL10	2.65321251378	0.329	2.84	1.0	1.0	0.0	1.0	0.0	0.4	0.464444444444		0.515555555556		-6.51570016065	-6.00877392431		-5.56863623584	
RPL11B	2.81291335664	0.322	1.59	1.0	1.0	1.0	1.0	0.0	0.632307692308	0.703076923077	0.612307692308	0.169230769231		-5.63827216398	-5.21609642073	-4.28735029837	-5.56863623584	
RPL12A	2.83378437466	0.405	0.92	1.0	1.0	1.0	1.0	1.0	0.224340175953	0.969208211144	0.25073313783	0.274193548387	0.611436950147	-5.60032627852	-3.84466396253	-5.51570016065	-3.24872089602	-6.1567672219
RPL13A	2.80208925788	0.379	1.2	1.0	1.0	1.0	1.0	1.0	0.553627760252	0.0252365930599	0.656151419558	0.760252365931	0.255520504732	-6.1739251973	-5.07007043992	-5.19449914184	-4.22257317761	-10.1739251973
RPL13B	2.85672889038	0.405	1.66	1.0	1.0	1.0	1.0	1.0	0.53685674548	0.963838664812	0.413073713491	0.00973574408901	0.319888734353	-6.62525165399	-4.35261702989	-6.66756154008	-4.22257317761	-7.81530856918
RPL14A	3.06892761168	0.361	1.62	1.0	1.0	0.0	1.0	0.0	0.648464163823	0.986348122867		0.582764505119		-6.89962945488	-5.31247103879		-4.51286162452	
RPL14B	2.48572142648	0.32	1.39	1.0	1.0	1.0	0.0	0.0	0.0522875816993	0.421568627451	0.287581699346			-4.54821356448	-5.21609642073	-4.38195190329		
RPL15A	2.83378437466	0.327	2.56	1.0	1.0	1.0	1.0	0.0	0.655425219941	0.196480938416	0.856304985337	0.636363636364		-6.46092390121	-3.8696662315	-4.32697909287	-5.15490195999	
RPL15B	2.98452731334	0.421	0.23	1.0	1.0	1.0	1.0	0.0	0.526424870466	0.125388601036	0.157512953368	0.717098445596		-3.80410034759	-4.85078088734	-4.20901152491	-4.02872415126	
RPL16B	2.84385542262	0.405	1.5	1.0	1.0	1.0	1.0	0.0	0.418338108883	0.239255014327	0.445558739255	0.684813753582		-5.03338901332	-3.92445303861	-5.19449914184	-3.36754270782	
RPL17A	2.82216807937	0.369	1.73	0.0	1.0	1.0	1.0	1.0		0.935240963855	0.451807228916	0.810240963855	0.626506024096		-4.53017798402	-4.68824613894	-3.11804502866	-6.189767482
RPL18A	2.65513843481	0.365	1.9	1.0	1.0	0.0	1.0	0.0	0.46017699115	0.504424778761		0.570796460177		-6.28567024025	-6.00877392431		-4.99139982824	
RPL18B	3.05346260493	0.375	1.24	0.0	1.0	0.0	1.0	0.0		0.984084880637		0.968169761273			-6.339134522		-4.66958622665	
RPL19B	2.74973631557	0.4	1.42	1.0	1.0	1.0	1.0	1.0	0.309608540925	0.211743772242	0.343416370107	0.368327402135	0.690391459075	-4.96257350206	-6.79588001734	-4.4921441283	-3.29413628772	-6.82390874094
RPL1A	2.56229286446	0.329	0.96	1.0	1.0	0.0	1.0	0.0	0.550684931507	0.605479452055		0.720547945205		-5.0	-4.85078088734		-3.45842075605	
RPL1B	2.88817949392	0.364	0.99	1.0	1.0	1.0	1.0	0.0	0.619663648124	0.314359637775	0.597671410091	0.66106080207		-6.1209041205	-4.4934949676	-6.07987667371	-4.89279003035	
RPL20A	2.78318869108	0.395	1.53	1.0	1.0	1.0	1.0	0.0	0.400329489292	0.349258649094	0.375617792422	0.509060955519		-5.91009488856	-3.48280410205	-5.32513885926	-3.52287874528	
RPL20B	2.80888586736	0.385	1.63	1.0	1.0	0.0	1.0	1.0	0.444099378882	0.270186335404		0.593167701863	0.658385093168	-6.67366413907	-4.56863623584		-4.51286162452	-5.96257350206
RPL22A	2.63042787503	0.274	1.76	0.0	1.0	1.0	1.0	0.0		0.515222482436	0.421545667447	0.580796252927			-4.97881070093	-4.25492520842	-3.39147396642	
RPL22B	2.72263392253	0.341	1.36	0.0	1.0	1.0	1.0	0.0		0.416666666667	0.581439393939	0.642045454545			-3.97881070093	-5.02319166266	-4.33254704711	
RPL23A	2.66464197556	0.348	0.87	1.0	1.0	1.0	1.0	0.0	0.251082251082	0.538961038961	0.593073593074	0.924242424242		-5.36653154442	-3.84466396253	-5.0	-3.70333480974	
RPL23B	2.76042248342	0.405	1.67	1.0	1.0	1.0	1.0	1.0	0.322916666667	0.513888888889	0.357638888889	0.288194444444	0.0104166666667	-7.22694530664	-4.21968268786	-5.32513885926	-4.66958622665	-5.99567862622
RPL25	2.93801909748	0.394	2.3	0.0	1.0	1.0	1.0	0.0		0.042675893887	0.515570934256	0.572087658593			-6.20971483597	-4.25492520842	-5.15490195999	
RPL27A	2.92064500141	0.382	1.75	1.0	1.0	0.0	1.0	0.0	0.498199279712	0.175270108043		0.5606242497		-6.72815839346	-7.79048498546		-5.56863623584	
RPL27B	2.74429298312	0.377	1.31	1.0	1.0	0.0	1.0	0.0	0.392792792793	0.47027027027		0.657657657658		-5.33068311943	-3.56383735296		-4.30451832351	
RPL2A	2.81822589361	0.416	1.11	1.0	1.0	1.0	1.0	0.0	0.218844984802	0.284194528875	0.720364741641	0.127659574468		-6.67366413907	-7.1771783547	-4.03763066433	-4.66958622665	
RPL3	3.05269394192	0.388	3.56	1.0	1.0	0.0	1.0	0.0	0.225863596103	0.838795394154		0.761736049601		-3.75448733219	-7.79048498546		-4.33254704711	
RPL30	3.06145247909	0.381	1.89	1.0	1.0	0.0	1.0	0.0	0.7109375	0.768229166667		0.0303819444444		-6.1739251973	-6.339134522		-5.56863623584	
RPL31A	2.79934054945	0.397	1.69	1.0	1.0	1.0	1.0	0.0	0.32380952381	0.693650793651	0.368253968254	0.439682539683		-5.55909091793	-4.28567024025	-4.56066730617	-4.59176003469	
RPL33A	3.0595634179	0.372	1.73	1.0	1.0	1.0	1.0	0.0	0.688753269398	0.711421098518	0.0915431560593	0.490845684394		-5.91009488856	-7.26042765555	-4.42829116819	-4.12726117253	
RPL33B	2.81954393554	0.412	1.61	1.0	1.0	1.0	1.0	0.0	0.284848484848	0.169696969697	0.307575757576	0.348484848485		-5.14146280243	-5.52287874528	-5.02319166266	-4.14813039927	
RPL34B	2.89209460269	0.392	1.28	1.0	1.0	0.0	1.0	0.0	0.416666666667	0.448717948718		0.0153846153846		-5.06956040523	-6.5185573715		-4.14813039927	
RPL35A	2.89927318732	0.343	1.28	1.0	1.0	1.0	1.0	0.0	0.629255989912	0.172761664565	0.651954602774	0.728877679697		-5.44369749923	-3.58670023592	-4.68824613894	-4.99139982824	
RPL36A	2.51982799378	0.32	0.98	0.0	1.0	0.0	1.0	0.0		0.900302114804		0.0181268882175			-5.02641037657		-4.66958622665	
RPL36B	2.63144376901	0.439	1.58	1.0	1.0	1.0	1.0	0.0	0.261682242991	0.207943925234	0.429906542056	0.525700934579		-6.22841251912	-4.35261702989	-3.82681373159	-3.54668165995	
RPL38	2.89652621749	0.363	1.83	1.0	1.0	1.0	1.0	0.0	0.633248730964	0.302030456853	0.658629441624	0.942893401015		-6.28567024025	-5.21609642073	-4.0746879085	-4.66958622665	
RPL39	2.77378644498	0.389	2.04	1.0	1.0	1.0	1.0	0.0	0.372053872054	0.420875420875	0.304713804714	0.942760942761		-5.36653154442	-7.58670023592	-4.4921441283	-3.73992861201	
RPL40A	2.80413943234	0.402	1.2	0.0	1.0	1.0	1.0	0.0		0.169544740973	0.469387755102	0.0926216640502			-4.85078088734	-4.32697909287	-4.46470587996	
RPL40B	3.02242837119	0.369	1.51	1.0	1.0	1.0	1.0	0.0	0.739791073124	0.801519468186	0.768281101614	0.192782526116		-4.96257350206	-7.79048498546	-4.38195190329	-3.93930215965	
RPL41A	2.58658730467	0.394	1.04	1.0	1.0	1.0	1.0	0.0	0.282383419689	0.344559585492	0.217616580311	0.89896373057		-6.34678748622	-3.54363396687	-4.38195190329	-3.04431224969	
RPL41B	2.79169064902	0.355	2.1	1.0	1.0	1.0	1.0	0.0	0.441033925687	0.0452342487884	0.483037156704	0.0129240710824		-6.46092390121	-4.97881070093	-4.4921441283	-4.66958622665	
RPL42B	2.87737134587	0.37	1.6	0.0	1.0	1.0	1.0	1.0		0.124668435013	0.5	0.974801061008	0.618037135279		-4.68613277963	-4.80410034759	-4.12726117253	-6.50863830617
RPL43A	2.69196510277	0.36	1.45	1.0	1.0	0.0	1.0	0.0	0.542682926829	0.579268292683		0.40243902439		-5.8601209136	-5.07007043992		-4.59176003469	
RPL43B	3.06295783408	0.363	1.59	1.0	1.0	1.0	1.0	0.0	0.733564013841	0.612456747405	0.750865051903	0.991349480969		-5.91009488856	-6.07675598137	-6.07987667371	-3.97061622231	
RPL4A	2.32837960344	0.272	2.55	0.0	1.0	0.0	1.0	0.0		0.389671361502		0.272300469484			-7.79048498546		-3.93930215965	
RPL4B	3.07700432679	0.327	0.76	1.0	1.0	0.0	1.0	0.0	0.247068676717	0.877721943049		0.544388609715		-4.02872415126	-7.79048498546		-5.56863623584	
RPL5	2.70070371715	0.331	1.95	1.0	1.0	1.0	1.0	0.0	0.414342629482	0.745019920319	0.623505976096	0.54780876494		-5.63827216398	-7.79048498546	-3.8894102897	-5.56863623584	
RPL6B	2.98091193778	0.402	1.35	1.0	1.0	1.0	1.0	0.0	0.539184952978	0.462904911181	0.525600835946	0.557993730408		-5.25414480483	-5.63078414259	-5.32513885926	-4.99139982824	
RPL7A	2.96614173274	0.343	1.8	1.0	1.0	1.0	1.0	0.0	0.724324324324	0.134054054054	0.745945945946	0.181621621622		-5.96257350206	-6.79588001734	-4.75448733219	-4.30451832351	
RPL7B	2.59106460703	0.364	2.89	1.0	1.0	0.0	1.0	0.0	0.435897435897	0.138461538462		0.387179487179		-6.46092390121	-4.72353819583		-3.52287874528	
RPL8A	2.54406804435	0.271	3.32	1.0	1.0	0.0	1.0	0.0	0.314285714286	0.405714285714		0.657142857143		-5.91009488856	-6.14387555576		-5.15490195999	
RPL8B	3.0788191831	0.387	1.48	1.0	1.0	0.0	1.0	0.0	0.762301918265	0.793160967473		0.783986655546		-6.1209041205	-6.79588001734		-5.56863623584	
RPP0	2.89209460269	0.333	2.58	1.0	1.0	0.0	1.0	0.0	0.661538461538	0.732051282051		0.883333333333		-6.28567024025	-5.07007043992		-3.70333480974	
RPP1A	2.7075701761	0.324	1.25	0.0	1.0	0.0	1.0	0.0		0.639215686275		0.792156862745			-6.339134522		-3.39147396642	
RPP1B	2.67486114074	0.353	1.76	1.0	1.0	1.0	1.0	0.0	0.467230443975	0.536997885835	0.420718816068	0.936575052854		-7.03857890593	-4.8894102897	-6.07987667371	-3.54668165995	
RPP2A	2.85672889038	0.417	1.58	1.0	1.0	1.0	1.0	0.0	0.514603616134	0.0987482614743	0.56050069541	0.931849791377		-4.54821356448	-4.85078088734	-4.80410034759	-3.63078414259	
RPS0B	2.90579588037	0.363	1.13	1.0	1.0	1.0	1.0	0.0	0.472049689441	0.206211180124	0.500621118012	0.172670807453		-7.08884239126	-5.63078414259	-5.19449914184	-4.46470587996	
RPS10A	2.69372694892	0.435	1.37	1.0	1.0	1.0	0.0	0.0	0.307692307692	0.356275303644	0.275303643725			-5.44369749923	-5.63078414259	-4.32697909287		
RPS11A	2.77158748088	0.389	1.32	1.0	1.0	1.0	1.0	0.0	0.350253807107	0.394247038917	0.319796954315	0.0135363790186		-4.60205999133	-4.56863623584	-4.80410034759	-4.12726117253	
RPS11B	2.67209785794	0.362	1.19	1.0	1.0	1.0	1.0	0.0	0.348936170213	0.00425531914894	0.387234042553	0.0872340425532		-5.96257350206	-3.69680394258	-5.32513885926	-3.80687540165	
RPS12	2.7242758696	0.328	1.37	1.0	1.0	0.0	1.0	0.0	0.445283018868	0.545283018868		0.116981132075		-7.1567672219	-4.60554831917		-4.66958622665	
RPS13	2.53275437899	0.299	2.34	1.0	1.0	1.0	1.0	0.0	0.319648093842	0.152492668622	0.266862170088	0.428152492669		-5.44369749923	-4.68613277963	-4.75448733219	-4.33254704711	
RPS14A	3.06069784035	0.37	1.45	1.0	1.0	1.0	1.0	0.0	0.770434782609	0.42	0.75652173913	0.800869565217		-6.01547268666	-5.26360349772	-4.12493873661	-5.56863623584	
RPS14B	2.57054293988	0.333	3.09	1.0	1.0	0.0	1.0	0.0	0.448924731183	0.876344086022		0.629032258065		-4.83268266525	-4.35261702989		-4.59176003469	
RPS16A	2.85491302231	0.406	1.58	1.0	1.0	1.0	1.0	1.0	0.441340782123	0.0125698324022	0.571229050279	0.97625698324	0.659217877095	-6.62525165399	-4.35261702989	-6.66756154008	-4.22257317761	-7.81530856918
RPS16B	2.80208925788	0.379	1.52	1.0	1.0	1.0	1.0	1.0	0.425867507886	0.954258675079	0.329652996845	0.225552050473	0.723974763407	-6.1739251973	-5.07007043992	-5.19449914184	-4.22257317761	-10.1739251973
RPS18A	3.00475115559	0.376	1.33	1.0	1.0	1.0	1.0	1.0	0.676557863501	0.306627101879	0.693372898121	0.633036597428	0.861523244313	-7.03857890593	-4.28567024025	-5.61083391564	-3.89619627904	-6.58335949266
RPS18B	2.7551122664	0.385	1.48	0.0	1.0	1.0	1.0	0.0		0.383128295255	0.302284710018	0.611599297012			-4.28567024025	-4.80410034759	-3.0985416786	
RPS19A	2.72181061521	0.34	1.12	1.0	1.0	1.0	1.0	0.0	0.480075901328	0.607210626186	0.53320683112	0.814041745731		-6.67366413907	-4.15614457738	-5.90308998699	-4.02872415126	
RPS1A	2.60852603358	0.365	1.55	1.0	1.0	1.0	1.0	0.0	0.391625615764	0.455665024631	0.337438423645	0.142857142857		-4.36351210365	-7.79048498546	-4.03763066433	-3.56863623584	
RPS1B	2.78175537465	0.385	1.26	1.0	1.0	1.0	1.0	1.0	0.342148760331	0.254545454545	0.395041322314	0.213223140496	0.657851239669	-6.56703070913	-5.75945075172	-4.56066730617	-5.36552272984	-6.58335949266
RPS2	2.95375969173	0.367	1.31	1.0	1.0	1.0	1.0	1.0	0.566184649611	0.171301446051	0.0055617352614	0.0444938820912	0.7319243604	-5.63827216398	-4.60554831917	-4.01278077009	-3.36754270782	-6.1567672219
RPS20	2.79448804666	0.35	2.09	1.0	1.0	1.0	1.0	0.0	0.584269662921	0.959871589085	0.614767255217	0.287319422151		-5.91009488856	-4.80410034759	-4.12493873661	-5.56863623584	
RPS21A	2.46089784276	0.287	1.01	1.0	1.0	0.0	0.0	0.0	0.221453287197	0.60553633218				-6.46092390121	-3.01055018233			
RPS21B	2.95279244304	0.378	1.68	0.0	1.0	1.0	1.0	0.0		0.348940914158	0.63768115942	0.148272017837			-6.07675598137	-5.61083391564	-4.59176003469	
RPS23A	2.69372694892	0.415	1.45	1.0	1.0	1.0	1.0	0.0	0.216599190283	0.105263157895	0.255060728745	0.17004048583		-5.76955107862	-4.64589156085	-5.61083391564	-4.51286162452	
RPS23B	2.66745295289	0.391	1.7	1.0	1.0	1.0	1.0	0.0	0.333333333333	0.0193548387097	0.298924731183	0.408602150538		-7.03857890593	-4.0357403698	-4.80410034759	-5.36552272984	
RPS24A	2.85913829729	0.354	1.64	1.0	1.0	1.0	1.0	0.0	0.532503457815	0.278008298755	0.557399723375	0.142461964039		-6.62525165399	-6.79588001734	-4.38195190329	-5.15490195999	
RPS24B	2.83695673706	0.397	0.97	1.0	1.0	1.0	1.0	0.0	0.298398835517	0.0116448326055	0.762736535662	0.457059679767		-5.72353819583	-6.14387555576	-3.93181413825	-3.76955107862	
RPS27A	2.63548374681	0.343	1.16	1.0	1.0	1.0	1.0	0.0	0.555555555556	0.597222222222	0.511574074074	0.113425925926		-4.74232142513	-3.69680394258	-4.80410034759	-3.34198860334	
RPS27B	2.74350976473	0.383	1.5	1.0	1.0	1.0	1.0	1.0	0.234657039711	0.350180505415	0.212996389892	0.149819494585	0.592057761733	-5.14146280243	-6.07675598137	-5.02319166266	-4.66958622665	-5.96257350206
RPS28B	2.46834733041	0.32	1.45	0.0	1.0	0.0	1.0	0.0		0.482993197279		0.238095238095			-5.07007043992		-4.30451832351	
RPS3	3.07188200731	0.378	2.28	1.0	1.0	0.0	1.0	1.0	0.780508474576	0.700847457627		0.836440677966	0.413559322034	-6.01547268666	-4.93930215965		-4.99139982824	-7.08512818246
RPS4A	3.04099769242	0.429	1.75	1.0	1.0	1.0	1.0	0.0	0.640582347589	0.686078252957	0.668789808917	0.707006369427		-5.80966830183	-5.26360349772	-4.46470587996	-5.56863623584	
RPS4B	2.89320675306	0.402	1.15	1.0	1.0	1.0	1.0	0.0	0.382352941176	0.468030690537	0.401534526854	0.106138107417		-6.89962945488	-5.16621562534	-5.61083391564	-4.22257317761	
RPS6A	2.8597385662	0.394	0.94	1.0	1.0	1.0	1.0	1.0	0.368784530387	0.330110497238	0.406077348066	0.167127071823	0.279005524862	-6.96257350206	-4.60554831917	-6.07987667371	-3.56863623584	-6.29413628772
RPS6B	2.85308952985	0.367	1.12	1.0	1.0	1.0	1.0	1.0	0.54698457223	0.600280504909	0.573632538569	0.49649368864	0.210378681627	-6.89962945488	-5.16621562534	-4.0746879085	-4.51286162452	-6.12493873661
RPS7A	3.07298474463	0.39	1.28	1.0	1.0	1.0	1.0	1.0	0.598478444632	0.62045646661	0.579036348267	0.977176669484	0.769230769231	-5.55909091793	-5.47755576649	-5.75448733219	-4.02872415126	-7.30803489723
RPS7B	2.75358305889	0.372	1.06	1.0	1.0	1.0	1.0	0.0	0.463844797178	0.380952380952	0.439153439153	0.10405643739		-6.06651271215	-6.6090648929	-5.05256627811	-3.80687540165	
RPS9A	2.93651374248	0.398	3.18	1.0	1.0	0.0	1.0	0.0	0.71875	0.787037037037		0.75462962963		-5.8601209136	-7.79048498546		-4.66958622665	
